2
3
5
7
11
13
17
19
23
25
29
31
37
41
43
47
49
53
55
59
61
67
71
73
79
83
85
89
91
97
101
103
107
109
113
115
121
127
131
133
137
139
145
149
151
157
163
167
169
173
175
179
181
187
191
193
197
199
205
211
217
223
227
229
233
235
239
241
247
251
253
257
259
263
265
269
271
277
281
283
289
293
295
301
307
311
313
317
319
325
331
337
343
347
349
353
355
359
361
367
373
379
383
385
389
391
397
401
403
409
415
419
421
427
431
433
439
443
445
449
451
457
461
463
467
469
475
479
481
487
491
493
499
503
505
509
511
517
521
523
529
535
541
547
553
557
559
563
565
569
571
577
583
587
589
593
595
599
601
607
613
617
619
625
631
637
641
643
647
649
653
655
659
661
667
673
677
679
683
685
691
697
701
703
709
715
719
721
727
733
739
743
745
751
757
761
763
769
773
775
781
787
793
797
799
805
809
811
817
821
823
827
829
835
839
841
847
853
857
859
863
865
871
877
881
883
887
889
895
901
907
911
913
919
925
929
931
937
941
943
947
949
953
955
961
967
971
973
977
979
983
985
991
997
1003
1009
1013
1015
1019
1021
1027
1031
1033
1039
1045
1049
1051
1057
1061
1063
1069
1075
1081
1087
1091
1093
1097
1099
1103
1105
1109
1111
1117
1123
1129
1135
1141
1147
1151
1153
1159
1163
1165
1171
1177
1181
1183
1187
1189
1193
1195
1201
1207
1213
1217
1219
1223
1225
1229
1231
1237
1243
1249
1255
1259
1261
1267
1273
1277
1279
1283
1285
1289
1291
1297
1301
1303
1307
1309
1315
1319
1321
1327
1333
1339
1345
1351
1357
1361
1363
1367
1369
1373
1375
1381
1387
1393
1399
1405
1409
1411
1417
1423
1427
1429
1433
1435
1439
1441
1447
1451
1453
1459
1465
1471
1477
1481
1483
1487
1489
1493
1495
1499
1501
1507
1511
1513
1519
1523
1525
1531
1537
1543
1549
1553
1555
1559
1561
1567
1571
1573
1579
1583
1585
1591
1597
1601
1603
1607
1609
1613
1615
1619
1621
1627
1633
1637
1639
1645
1651
1657
1663
1667
1669
1675
1681
1687
1693
1697
1699
1705
1709
1711
1717
1721
1723
1729
1733
1735
1741
1747
1753
1759
1765
1771
1777
1783
1787
1789
1795
1801
1807
1811
1813
1819
1823
1825
1831
1837
1843
1847
1849
1855
1861
1867
1871
1873
1877
1879
1885
1889
1891
1897
1901
1903
1907
1909
1913
1915
1921
1927
1931
1933
1939
1945
1949
1951
1957
1963
1969
1973
1975
1979
1981
1987
1993
1997
1999
2003
2005
2011
2017
2023
2027
2029
2035
2039
2041
2047
2053
2059
2063
2065
2069
2071
2077
2081
2083
2087
2089
2095
2099
2101
2107
2111
2113
2119
2125
2129
2131
2137
2141
2143
2149
2153
2155
2161
2167
2173
2179
2185
2191
2197
2203
2207
2209
2213
2215
2221
2227
2233
2237
2239
2243
2245
2251
2257
2263
2267
2269
2273
2275
2281
2287
2293
2297
2299
2305
2309
2311
2317
2323
2329
2333
2335
2339
2341
2347
2351
2353
2357
2359
2365
2371
2377
2381
2383
2389
2393
2395
2399
2401
2407
2411
2413
2417
2419
2423
2425
2431
2437
2441
2443
2447
2449
2455
2459
2461
2467
2473
2477
2479
2485
2491
2497
2503
2509
2515
2521
2527
2531
2533
2539
2543
2545
2549
2551
2557
2563
2569
2575
2579
2581
2587
2591
2593
2599
2605
2609
2611
2617
2621
2623
2629
2633
2635
2641
2647
2653
2657
2659
2663
2665
2671
2677
2683
2687
2689
2693
2695
2699
2701
2707
2711
2713
2719
2725
2729
2731
2737
2741
2743
2749
2753
2755
2761
2767
2773
2777
2779
2785
2789
2791
2797
2801
2803
2809
2815
2819
2821
2827
2833
2837
2839
2843
2845
2851
2857
2861
2863
2869
2875
2879
2881
2887
2893
2897
2899
2903
2905
2909
2911
2917
2923
2927
2929
2935
2939
2941
2947
2953
2957
2959
2963
2965
2969
2971
2977
2983
2989
2995
2999
3001
3007
3011
3013
3019
3023
3025
3031
3037
3041
3043
3049
3055
3061
3067
3073
3079
3083
3085
3089
3091
3097
3103
3109
3115
3119
3121
3127
3133
3137
3139
3145
3151
3157
3163
3167
3169
3175
3181
3187
3191
3193
3199
3203
3205
3209
3211
3217
3221
3223
3229
3235
3241
3247
3251
3253
3257
3259
3265
3271
3277
3283
3289
3295
3299
3301
3307
3313
3319
3323
3325
3329
3331
3337
3343
3347
3349
3355
3359
3361
3367
3371
3373
3379
3385
3389
3391
3397
3403
3407
3409
3413
3415
3421
3427
3433
3439
3445
3449
3451
3457
3461
3463
3467
3469
3475
3481
3487
3491
3493
3499
3505
3511
3517
3523
3527
3529
3533
3535
3539
3541
3547
3553
3557
3559
3565
3571
3577
3581
3583
3589
3593
3595
3601
3607
3613
3617
3619
3623
3625
3631
3637
3643
3649
3655
3659
3661
3667
3671
3673
3677
3679
3685
3691
3697
3701
3703
3709
3715
3719
3721
3727
3733
3739
3745
3751
3757
3761
3763
3767
3769
3775
3779
3781
3787
3793
3797
3799
3803
3805
3811
3817
3821
3823
3829
3833
3835
3841
3847
3851
3853
3859
3863
3865
3871
3877
3881
3883
3889
3895
3901
3907
3911
3913
3917
3919
3923
3925
3929
3931
3937
3943
3947
3949
3955
3961
3967
3973
3979
3985
3989
3991
3997
4001
4003
4007
4009
4013
4015
4019
4021
4027
4033
4039
4045
4049
4051
4057
4063
4069
4073
4075
4079
4081
4087
4091
4093
4099
4105
4111
4117
4123
4127
4129
4133
4135
4139
4141
4147
4153
4157
4159
4165
4171
4177
4183
4189
4195
4201
4207
4211
4213
4217
4219
4225
4229
4231
4237
4241
4243
4249
4253
4255
4259
4261
4267
4271
4273
4279
4283
4285
4289
4291
4297
4303
4309
4315
4321
4327
4333
4337
4339
4345
4349
4351
4357
4363
4369
4373
4375
4381
4387
4391
4393
4397
4399
4405
4409
4411
4417
4421
4423
4429
4435
4441
4447
4451
4453
4457
4459
4463
4465
4471
4477
4481
4483
4489
4493
4495
4501
4507
4513
4517
4519
4523
4525
4531
4537
4543
4547
4549
4555
4561
4567
4573
4579
4583
4585
4591
4597
4603
4609
4615
4621
4627
4633
4637
4639
4643
4645
4649
4651
4657
4663
4669
4673
4675
4679
4681
4687
4691
4693
4699
4703
4705
4711
4717
4721
4723
4729
4733
4735
4741
4747
4751
4753
4759
4765
4771
4777
4783
4787
4789
4793
4795
4799
4801
4807
4813
4817
4819
4825
4831
4837
4843
4849
4855
4861
4867
4871
4873
4877
4879
4885
4889
4891
4897
4903
4909
4915
4919
4921
4927
4931
4933
4937
4939
4943
4945
4951
4957
4963
4967
4969
4973
4975
4981
4987
4993
4999
5003
5005
5009
5011
5017
5021
5023
5029
5035
5039
5041
5047
5051
5053
5059
5065
5071
5077
5081
5083
5087
5089
5095
5099
5101
5107
5113
5119
5125
5131
5137
5143
5147
5149
5153
5155
5161
5167
5171
5173
5179
5185
5189
5191
5197
5203
5209
5215
5221
5227
5231
5233
5237
5239
5245
5251
5257
5261
5263
5269
5273
5275
5279
5281
5287
5293
5297
5299
5303
5305
5309
5311
5317
5323
5329
5333
5335
5341
5347
5351
5353
5359
5365
5371
5377
5381
5383
5387
5389
5393
5395
5399
5401
5407
5413
5417
5419
5425
5431
5437
5441
5443
5449
5455
5461
5467
5471
5473
5477
5479
5483
5485
5491
5497
5501
5503
5507
5509
5515
5519
5521
5527
5531
5533
5539
5545
5551
5557
5563
5569
5573
5575
5581
5587
5591
5593
5599
5605
5611
5617
5623
5629
5635
5639
5641
5647
5651
5653
5657
5659
5665
5669
5671
5677
5683
5689
5693
5695
5701
5707
5711
5713
5717
5719
5725
5731
5737
5741
5743
5749
5755
5761
5767
5773
5779
5783
5785
5791
5797
5801
5803
5807
5809
5813
5815
5821
5827
5833
5839
5843
5845
5849
5851
5857
5861
5863
5867
5869
5875
5879
5881
5887
5893
5897
5899
5903
5905
5911
5917
5923
5927
5929
5935
5939
5941
5947
5953
5959
5965
5971
5977
5981
5983
5987
5989
5995
6001
6007
6011
6013
6019
6025
6029
6031
6037
6043
6047
6049
6053
6055
6061
6067
6073
6079
6085
6089
6091
6097
6101
6103
6109
6113
6115
6121
6127
6131
6133
6139
6143
6145
6151
6157
6163
6169
6173
6175
6181
6187
6193
6197
6199
6203
6205
6211
6217
6221
6223
6229
6235
6241
6247
6253
6257
6259
6263
6265
6269
6271
6277
6283
6287
6289
6295
6299
6301
6307
6311
6313
6317
6319
6323
6325
6329
6331
6337
6343
6349
6353
6355
6359
6361
6367
6373
6379
6385
6389
6391
6397
6403
6409
6415
6421
6427
6433
6439
6445
6449
6451
6457
6463
6469
6473
6475
6481
6487
6491
6493
6499
6505
6511
6517
6521
6523
6529
6535
6541
6547
6551
6553
6559
6563
6565
6569
6571
6577
6581
6583
6589
6595
6599
6601
6607
6613
6619
6625
6631
6637
6643
6649
6653
6655
6659
6661
6667
6673
6679
6685
6689
6691
6697
6701
6703
6709
6715
6719
6721
6727
6733
6737
6739
6745
6751
6757
6761
6763
6769
6775
6779
6781
6787
6791
6793
6799
6803
6805
6811
6817
6823
6827
6829
6833
6835
6841
6847
6853
6857
6859
6863
6865
6869
6871
6877
6883
6889
6895
6899
6901
6907
6911
6913
6917
6919
6925
6931
6937
6943
6947
6949
6955
6959
6961
6967
6971
6973
6977
6979
6983
6985
6991
6997
7001
7003
7009
7013
7015
7019
7021
7027
7033
7039
7043
7045
7051
7057
7063
7069
7075
7079
7081
7087
7093
7099
7103
7105
7109
7111
7117
7121
7123
7127
7129
7135
7141
7147
7151
7153
7159
7165
7171
7177
7183
7187
7189
7193
7195
7201
7207
7211
7213
7219
7225
7229
7231
7237
7243
7247
7249
7253
7255
7261
7267
7273
7279
7283
7285
7291
7297
7303
7307
7309
7315
7321
7327
7331
7333
7339
7345
7349
7351
7357
7363
7369
7375
7381
7387
7393
7399
7405
7411
7417
7423
7429
7433
7435
7441
7447
7451
7453
7457
7459
7465
7471
7477
7481
7483
7487
7489
7495
7499
7501
7507
7513
7517
7519
7523
7525
7529
7531
7537
7541
7543
7547
7549
7555
7559
7561
7567
7573
7577
7579
7583
7585
7589
7591
7597
7603
7607
7609
7615
7621
7627
7633
7639
7643
7645
7649
7651
7657
7663
7669
7673
7675
7681
7687
7691
7693
7699
7703
7705
7711
7717
7723
7727
7729
7735
7741
7747
7753
7757
7759
7765
7771
7777
7783
7789
7793
7795
7801
7807
7813
7817
7819
7823
7825
7829
7831
7837
7841
7843
7849
7853
7855
7861
7867
7873
7877
7879
7883
7885
7891
7897
7901
7903
7907
7909
7915
7919
7921
7927
7933
7937
7939
7945
7949
7951
7957
7963
7969
7975
7981
7987
7993
7999
8005
8009
8011
8017
8023
8029
8035
8039
8041
8047
8053
8059
8065
8069
8071
8077
8081
8083
8087
8089
8093
8095
8101
8107
8111
8113
8117
8119
8123
8125
8131
8137
8143
8147
8149
8155
8161
8167
8171
8173
8179
8185
8191
8197
8203
8209
8215
8219
8221
8227
8231
8233
8237
8239
8243
8245
8251
8257
8263
8269
8273
8275
8281
8287
8291
8293
8297
8299
8305
8311
8317
8323
8329
8335
8341
8347
8353
8359
8363
8365
8369
8371
8377
8383
8387
8389
8395
8401
8407
8413
8419
8423
8425
8429
8431
8437
8443
8447
8449
8455
8461
8467
8473
8479
8485
8491
8497
8501
8503
8509
8513
8515
8521
8527
8533
8537
8539
8543
8545
8551
8557
8563
8569
8573
8575
8581
8587
8593
8597
8599
8605
8609
8611
8617
8623
8627
8629
8635
8641
8647
8653
8659
8663
8665
8669
8671
8677
8681
8683
8689
8693
8695
8699
8701
8707
8713
8719
8725
8731
8737
8741
8743
8747
8749
8753
8755
8761
8767
8773
8779
8783
8785
8791
8797
8803
8807
8809
8815
8819
8821
8827
8831
8833
8837
8839
8845
8849
8851
8857
8861
8863
8867
8869
8875
8881
8887
8893
8899
8905
8911
8917
8923
8929
8933
8935
8941
8947
8951
8953
8959
8963
8965
8969
8971
8977
8983
8989
8995
8999
9001
9007
9011
9013
9019
9025
9029
9031
9037
9041
9043
9049
9055
9059
9061
9067
9073
9079
9085
9091
9097
9103
9109
9115
9121
9127
9133
9137
9139
9145
9151
9157
9161
9163
9169
9173
9175
9181
9187
9193
9199
9203
9205
9209
9211
9217
9221
9223
9227
9229
9235
9239
9241
9247
9253
9257
9259
9265
9271
9277
9281
9283
9289
9293
9295
9301
9307
9311
9313
9319
9323
9325
9331
9337
9341
9343
9349
9355
9361
9367
9371
9373
9377
9379
9385
9391
9397
9403
9409
9413
9415
9419
9421
9427
9431
9433
9437
9439
9445
9451
9457
9461
9463
9467
9469
9473
9475
9479
9481
9487
9491
9493
9497
9499
9505
9511
9517
9521
9523
9529
9533
9535
9539
9541
9547
9551
9553
9559
9565
9571
9577
9583
9587
9589
9595
9601
9607
9613
9619
9623
9625
9629
9631
9637
9643
9649
9655
9661
9667
9673
9677
9679
9685
9689
9691
9697
9703
9709
9715
9719
9721
9727
9733
9739
9743
9745
9749
9751
9757
9763
9767
9769
9775
9781
9787
9791
9793
9799
9803
9805
9811
9817
9823
9829
9833
9835
9839
9841
9847
9851
9853
9857
9859
9865
9871
9877
9883
9887
9889
9895
9901
9907
9913
9919
9923
9925
9929
9931
9937
9941
9943
9949
9955
9961
9967
9973
9979
9985
9991
9997